73
82
106
89
72
90
110
114
96
139
152
124
189
167
147
176
169
188
150
137
149
162
152
152
172
190
162
246
218
231
230
255
246
239
218
208
176
149
182
102
122
114
52
46
41
13
121
98
94
106
90
104
177
125
126
210
154
163
232
185
182
166
163
153
190
144
146
189
140
176
222
182
192
268
234
220
219
246
233
212
203
220
200
183
175
115
113
115
71
44
36
1
5
85
5
96
76
82
158
93
96
113
209
114
93
154
215
158
141
192
264
184
179
149
221
162
156
139
207
159
135
128
199
161
152
175
182
196
174
191
162
222
243
231
157
241
235
210
157
219
192
175
121
178
165
89
68
102
103
55
37
52
56
1
9
98
101
107
84
81
84
84
89
94
123
119
119
162
117
140
144
176
167
182
193
145
144
196
172
128
128
137
153
140
141
145
136
160
159
189
169
210
185
235
214
247
232
230
223
266
172
201
184
167
160
167
189
105
98
97
93
51
36
62
54
1
10
96
99
77
83
73
93
90
92
105
112
133
118
166
150
151
168
188
162
182
172
151
176
182
156
154
168
157
171
187
168
178
149
156
190
195
195
260
251
222
264
238
215
232
241
206
213
192
214
182
223
196
200
107
119
111
123
63
62
64
58
2
1
1
94
99
91
102
113
123
139
117
172
157
167
165
213
217
223
187
206
205
173
165
182
165
199
158
177
182
211
171
177
195
172
167
185
180
179
208
186
184
178
155
171
191
181
149
174
177
181
157
114
85
97
113
70
52
54
46
2
58
68
101
118
115
138
154
151
134
178
177
186
168
188
218
161
166
157
169
157
182
154
134
162
190
157
183
156
160
167
164
168
157
147
141
122
87
70
80
42
39
39
305
454
429
463
346
385
647
615
494
727
908
716
969
900
859
982
963
1056
796
768
966
1055
878
962
1035
1203
920
1602
1494
1415
1665
1856
1827
1496
1503
1409
1102
952
1166
562
850
684
263
238
217
19
518
482
327
495
507
592
959
763
797
1344
1018
863
1427
1059
1099
1127
906
890
1379
782
929
1267
913
1105
1425
1103
1137
1904
1542
1527
1536
2000
1528
1553
1421
1572
1355
1247
1029
641
720
688
358
250
194
7
5
358
6
509
389
379
919
498
436
518
1199
665
592
896
1222
848
682
1058
1556
956
1061
855
1281
1013
848
822
1261
921
826
861
1250
976
848
994
1012
1156
943
1186
878
1407
1828
1719
929
1837
1595
1471
828
1768
1259
1237
655
1350
1038
505
332
696
579
276
153
361
240
10
13
466
449
548
455
450
363
411
438
480
613
607
699
888
586
783
805
1020
972
1002
971
917
746
1101
1006
776
739
814
840
937
680
832
721
1001
922
1222
921
1433
1045
1680
1352
1734
1618
1630
1488
1889
1044
1373
1234
1135
1010
1098
1254
579
537
561
584
270
167
340
366
16
20
430
430
349
337
410
520
503
492
648
507
760
733
923
1003
851
1025
1012
859
1160
921
858
1009
1044
1012
1010
1025
1067
1153
1105
1064
1176
1060
1158
1324
1385
1338
1711
1778
1453
1878
1749
1722
1666
1727
1482
1655
1443
1595
1406
1584
1240
1323
627
873
679
732
372
395
338
250
13
1
1
505
556
607
528
722
932
767
859
1148
1193
1076
1127
1517
1664
1398
1165
1504
1314
1308
1180
1415
997
1245
977
1088
1164
1445
1127
1064
1333
1141
993
1098
1118
1281
1402
1389
1162
1094
1123
1096
1278
1279
1042
1047
1170
1102
932
615
429
532
636
382
259
357
203
2
241
351
621
584
734
908
896
1015
886
978
1157
1204
1037
1437
1477
1092
1109
1050
1166
1020
1250
929
867
1118
1211
1079
1215
1095
1009
1074
1104
985
1042
878
860
656
360
345
447
204
210
186